phase                   s frames step med    p95    max drawn full draw med    p95    max flush med    p95    max heap peak
0 before                -    381    2.2    4.1   15.3   268   94    2.8   33.9   44.3       1.4   15.2   16.3    105692
1 clock              10.2    204    2.1    5.4    5.8    86    0    1.2    2.6    5.3       0.7    1.3    2.5     94520
2 members            10.9    437    1.2   15.3   19.8    30    9   50.1   94.8  110.8       6.7   16.1   16.1    120304
3 turn               30.4    221   24.2   28.2   35.9   221  219  111.5  125.9  153.3      14.3   15.0   18.8    120304
4 select             27.9   1013    1.2   17.3   39.7   117    5   95.8  105.6  122.1      11.4   14.7   22.3    120304
5 turn-selected      20.4    154   23.5   27.0   45.8   154  152  109.3  115.9  120.3      14.2   14.8   15.3    120304
6 deselect            9.3    395    1.2   15.8   26.9    24    5   50.4  117.4  129.3       5.7   16.3   16.3    120304
7 drawer-open        10.9    238    7.6   10.5   34.8   154    7    5.0   46.5  149.0       0.7   14.3   16.1    142928
8 events-scroll      72.4   1577    8.8   26.7   40.7  1183    0    5.9   26.8   41.2       1.1   10.1   12.7    119192
9 messages-switch     6.9    141    8.0   13.5   44.3   100    5    5.7   49.7   59.5       0.7   17.5   28.7    119192
10 messages-scroll   35.4    721   10.0   30.0   39.5   516    0    7.3   31.8   37.0       1.0   11.8   14.0    119192
11 conversation       6.8    132    6.2    8.8   27.4    90    0    2.5    5.9   24.0       0.7    1.2   14.9    119192
12 back               5.9    126    7.9   10.7   20.2    87    0    5.2    7.2   41.8       0.7    1.3   11.8    119192
13 close              8.9    373    1.2   15.8   20.7    39    4   46.4   99.4  130.7       4.5   14.7   15.1    144976
14 end                  -     88    1.8   17.2   19.0    12    0   56.1   85.5   85.5       4.5    7.6    7.6    122352

phase               changed step med    p95    max unchanged step med    p95    max steps ms/s
0 before                214    2.2    5.5   15.3       167    2.1    3.7    8.3          -
1 clock                  49    2.3    5.5    5.8       155    2.1    4.5    5.7         51
2 members                17   11.8   17.2   17.2       420    1.2   15.2   19.8        112
3 turn                  220   24.2   28.2   34.6         1   35.9   35.9   35.9        176
4 select                 62   17.9   22.3   39.7       951    1.2   16.0   35.3        142
5 turn-selected         152   23.5   27.0   45.8         2    9.2   17.0   17.0        176
6 deselect               13   14.7   26.9   26.9       382    1.2   14.9   20.1        126
7 drawer-open            96    7.6   10.5   21.0       142    7.6   10.4   34.8        173
8 events-scroll         826   10.9   27.8   40.7       751    8.5   12.2   28.8        280
9 messages-switch        65    7.9   30.0   44.3        76    8.0   13.5   26.2        200
10 messages-scroll      365   11.4   30.9   39.5       356    9.4   14.4   32.2        291
11 conversation          50    6.1    8.8   22.1        82    6.5    8.8   27.4        141
12 back                  49    7.9   10.3   20.2        77    8.0   11.1   11.7        177
13 close                 22   11.4   16.0   16.6       351    1.2   15.7   20.7        141
14 end                    6   15.2   17.8   17.8        82    1.8   15.5   19.0          -
6201 frames, 19 missing from the log by their numbers
phases from 1 at 14.185 s to 14 at 270.590 s, 256.4 s
