phase                   s frames step med    p95    max drawn full draw med    p95    max flush med    p95    max heap peak
0 before                -    375    2.9    9.7   16.9   270   98    2.8   31.9   38.7       1.5   14.9   15.4    105692
1 clock              10.3    210    8.4   10.5   13.8    86    0    1.2    2.1    3.2       0.7    0.8    1.3     93496
2 members            10.8    434    1.2   15.7   25.9    29    9   52.2   99.3  111.3       6.9   15.5   15.5    119280
3 turn               30.4    224   24.2   27.7   47.2   223  221  110.6  125.5  145.2      14.3   15.2   18.2    119280
4 select             31.7   1192    1.2   16.3   37.4   128    5   95.4  104.4  129.3       8.9   14.5   15.6    119280
5 turn-selected      20.3    156   23.1   25.2   34.3   154  152  109.4  113.9  127.2      14.3   14.9   16.4    119280
6 deselect            9.5    369    1.8   16.7   26.1    38    5   52.1  106.2  116.8       5.7   14.9   16.7    119280
7 drawer-open        10.8    239   17.5   20.0   21.4   163    7    5.3   44.0  149.1       0.7   12.8   15.9    141904
8 events-scroll      79.1   1699   19.6   28.6   43.9  1291    0    5.8   27.2   41.8       1.1   10.4   12.6    116120
9 messages-switch     6.9    145   18.4   22.3   43.1   103    5    5.3   48.6   61.2       0.7   15.3   30.3    116120
10 messages-scroll   36.6    744   21.2   32.0   45.4   530    0    7.1   32.2   44.8       1.0   11.6   13.3    116120
11 conversation       6.8    151   14.9   19.3   33.8    94    0    2.5    6.2   21.3       0.7    1.4   10.9    116120
12 back               6.0    131   18.4   23.8   34.7    84    0    5.1    8.0   36.5       0.7    1.2   11.0    116120
13 close              9.0    376    1.3   15.9   36.4    28    4   46.7   97.0  127.3       4.4   14.2   14.2    141904
14 end                  -    120    1.3   15.5   16.4     6    0   49.8   62.5   62.5       5.4    5.9    5.9    119280

phase               changed step med    p95    max unchanged step med    p95    max steps ms/s
0 before                211    2.8    9.5   12.3       164    3.7    9.7   16.9          -
1 clock                  48    8.5   10.8   12.0       162    8.3    9.7   13.8        136
2 members                18   14.4   18.9   18.9       416    1.2   15.6   25.9        122
3 turn                  221   24.2   27.7   47.2         3    1.9   22.1   22.1        176
4 select                 66   16.2   19.7   28.5      1126    1.2   15.9   37.4        140
5 turn-selected         153   23.2   25.2   29.1         3    1.3   34.3   34.3        174
6 deselect               21   15.4   25.8   26.1       348    1.8   16.5   18.8        141
7 drawer-open           101   18.0   20.4   21.4       138    9.8   18.4   20.6        287
8 events-scroll         898   22.0   29.2   43.9       801   10.5   22.7   41.1        391
9 messages-switch        65   19.2   36.6   43.1        80   10.2   21.2   22.4        339
10 messages-scroll      376   24.7   35.4   45.4       368   11.5   25.7   45.1        419
11 conversation          57   15.4   21.0   26.3        94    9.2   19.2   33.8        294
12 back                  55   19.0   31.8   34.7        76   10.5   20.6   24.0        348
13 close                 17   15.6   36.4   36.4       359    1.2   15.6   31.4        148
14 end                    3   15.5   15.5   15.5       117    1.3   13.9   16.4          -
6565 frames, 0 missing from the log by their numbers
phases from 1 at 14.284 s to 14 at 282.524 s, 268.2 s
