phase                   s frames step med    p95    max drawn full draw med    p95    max flush med    p95    max heap peak
0 before                -    277    2.3    5.3   18.3   227   95    6.2   32.0   42.8       1.8   14.5   15.3    105692
1 clock              10.1    165    2.3    5.5   10.6    82    0    1.3    3.0    5.9       0.6    1.2    1.6     95576
2 members            10.9     71   14.1   17.4   25.4    35    9   47.9  100.1  102.5       6.1   16.0   17.0    121392
3 turn               30.6    221   24.2   27.2   29.8   221  219  111.0  124.9  144.2      14.4   15.2   16.3    121392
4 select             30.7    270   14.3   19.6   43.9   120    5   95.5  103.6  119.8      10.7   14.1   16.1    121392
5 turn-selected      20.4    145   24.4   27.7   40.3   145  145  112.8  124.2  146.1      14.4   15.2   15.7    121392
6 deselect            9.6     53   15.1   22.5   25.1    24    5   48.4  112.9  121.1       6.0   16.8   16.8    121392
7 drawer-open        10.9    187    4.4    7.3   21.8   154    8    3.8   48.0  148.8       0.7   14.3   16.4    145712
8 events-scroll      79.2   1680    6.4   11.3   36.3  1389    0    4.7   27.1   39.6       7.2   10.5   11.8    124568
9 messages-switch     6.9    114    4.4   13.0   24.9    88    5    4.1   51.2   56.3       0.7   18.9   28.5    125432
10 messages-scroll   36.4    726    6.4   11.5   26.7   591    0    5.3   31.6   41.4       1.4   12.2   13.9    124472
11 conversation       6.9    130    4.6    7.5   22.3   100    0    2.0    4.9   25.7       0.7    1.1   12.0    123448
12 back               6.1    102    4.4    7.3   12.4    77    0    3.4    5.3   37.5       0.7    1.3   10.1    123384
13 close              9.1     51   15.1   17.3   27.3    24    3   46.6   98.4  147.9       5.6   14.8   14.8    138288
14 end                  -     11   15.3   33.5   33.5     5    0   46.2   46.4   46.4       4.1    4.4    4.4    125488

phase               changed step med    p95    max unchanged step med    p95    max steps ms/s
0 before                194    2.3    4.9   10.8        83    3.2    5.3   18.3          -
1 clock                  48    2.4    5.5    7.5       117    2.3    5.3   10.6         50
2 members                22   12.2   18.4   25.4        49   14.3   17.2   17.8         76
3 turn                  220   24.2   27.3   29.8         1   16.9   16.9   16.9        171
4 select                 64   16.3   30.5   43.9       206   12.9   16.0   34.2        101
5 turn-selected         145   24.4   27.7   40.3         0      -      -      -        173
6 deselect               14   15.1   25.1   25.1        39   15.2   16.8   19.8         83
7 drawer-open           105    4.4    8.3   21.8        82    4.4    6.7   15.8         95
8 events-scroll        1045    8.2   11.6   25.3       635    5.9    8.0   36.3        147
9 messages-switch        57    4.4   16.0   17.4        57    5.1    6.8   24.9         94
10 messages-scroll      438    9.0   12.2   23.5       288    5.2    7.8   26.7        141
11 conversation          65    4.6    6.8    8.9        65    4.8    7.5   22.3        100
12 back                  48    4.4    6.4   12.4        54    4.9    7.4    7.5         85
13 close                 12   12.2   16.7   16.7        39   15.4   17.4   27.3         77
14 end                    3   15.1   33.5   33.5         8   15.4   15.7   15.7          -
4203 frames, 0 missing from the log by their numbers
phases from 1 at 11.055 s to 14 at 278.805 s, 267.7 s
