phase                   s frames step med    p95    max drawn full draw med    p95    max flush med    p95    max heap peak
0 before                -    356    2.1    4.2   18.3   259   95    2.9   33.7   51.4       1.6   15.0   16.0    105692
1 clock              10.2    209    2.1    5.4    5.7    83    0    1.3    2.5    4.4       0.7    1.3    1.6     94536
2 members            11.0    462    1.2   14.8   28.3    35    8   46.9   98.5   99.9       5.1   15.9   15.9    120336
3 turn               30.4    226   23.9   26.8   45.1   226  224  110.2  123.1  132.6      14.3   15.1   15.3    120336
4 select             31.7   1207    1.2   16.6   36.5   121    4   96.1  111.3  127.2      10.9   14.5   16.8    120336
5 turn-selected      20.3    151   24.2   27.4   34.9   149  147  110.7  121.5  147.8      14.5   15.1   15.3    120336
6 deselect            9.3    394    1.2   15.7   22.1    24    4   50.6  117.2  123.9       6.0   16.2   16.2    120336
7 drawer-open        10.8    218    4.1   10.9   30.0   131    7    3.3   49.7  145.1       0.7   14.0   16.2    143472
8 events-scroll      72.8   1629    4.5   25.0   37.1  1194    0    4.3   25.8   37.2       1.0   10.9   13.4    119912
9 messages-switch     6.9    138    4.1    7.8   41.3    92    5    3.6   45.1   57.4       0.7   24.9   27.5    120296
10 messages-scroll   36.4    783    4.4   27.3   40.2   551    0    5.1   30.1   37.6       1.0   11.6   13.7    120056
11 conversation       7.0    138    4.4    9.5   18.9    85    0    2.0    4.1   21.6       0.7    1.2   12.8    119656
12 back               5.9    119    4.2    6.5   23.1    74    0    3.4    5.3   35.9       0.7    1.3   13.2    119640
13 close              8.8    369    1.2   15.3   22.6    26    4   46.7   99.9  142.5       5.4   15.4   15.4    145584
14 end                  -    120    1.2   15.7   16.8     6    0   46.7   48.7   48.7       4.5    6.2    6.2    122384

phase               changed step med    p95    max unchanged step med    p95    max steps ms/s
0 before                209    2.2    4.2    9.9       147    2.1    3.9   18.3          -
1 clock                  48    2.2    5.6    5.7       161    2.1    5.3    5.4         53
2 members                20   11.9   15.7   15.7       442    1.2   12.7   28.3        115
3 turn                  225   23.9   26.8   45.1         1   16.6   16.6   16.6        176
4 select                 64   16.9   21.0   29.7      1143    1.2   15.7   36.5        139
5 turn-selected         148   24.2   27.4   34.9         3    1.3    1.3    1.3        176
6 deselect               12   14.9   22.1   22.1       382    1.2   15.4   18.7        130
7 drawer-open            85    4.1    9.1   30.0       133    4.1   10.9   20.5        101
8 events-scroll         844    6.3   26.3   37.1       785    4.3    7.8   27.4        210
9 messages-switch        56    4.1   36.5   41.3        82    4.1    6.2    6.7        116
10 messages-scroll      388    6.7   28.4   40.2       395    4.4    7.7   25.8        214
11 conversation          52    4.4    9.0   18.9        86    4.5    9.5   15.2        106
12 back                  45    4.1    6.2   23.1        74    4.4    6.5   11.4         99
13 close                 15   14.4   21.6   21.6       354    1.2   14.9   22.6        124
14 end                    3   15.4   16.7   16.7       117    1.2   15.2   16.8          -
6519 frames, 0 missing from the log by their numbers
phases from 1 at 13.394 s to 14 at 274.979 s, 261.6 s
