phase                   s frames step med    p95    max drawn full draw med    p95    max flush med    p95    max heap peak
0 before                -    304    2.9    8.8   32.0   237  102    6.1   29.6   34.2       3.5   14.9   16.3    105692
1 clock              10.3    211    8.4   10.6   14.3    90    0    1.2    2.2    5.2       0.7    0.8    1.3     93496
2 members            10.9    446   10.6   15.8   24.3    34    8   50.0  100.4  102.9       5.9   16.2   16.2    116120
3 turn               30.6    231   23.6   27.5   39.8   221  219  112.0  125.4  166.8      14.5   15.3   16.0    116120
4 select             31.8   1128   10.6   20.3   37.4   122    6   96.2  106.2  114.6      12.5   14.9   17.2    116120
5 turn-selected      20.4    154   23.6   27.4   35.9   152  150  110.4  116.8  127.7      14.4   15.2   16.0    116120
6 deselect            9.4    391   10.5   15.5   44.2    24    5   47.4  108.3  113.7       6.3   15.3   15.3    116120
7 drawer-open        11.1    237   17.7   20.6   32.3   136    7    4.9   48.2  147.3       0.7   14.3   15.8    138744
8 events-scroll      75.9   1615   19.8   28.2   49.0  1202    0    5.9   27.2   37.5       1.1   10.4   12.0    116120
9 messages-switch     6.9    143   18.5   33.0   43.3   101    5    5.2   47.6   54.0       0.7   15.4   27.6    116120
10 messages-scroll   36.4    724   21.3   32.0   45.8   522    0    7.3   32.4   40.4       1.1   11.8   13.9    116120
11 conversation       6.8    137   15.1   17.9   22.0    94    0    2.5    4.8   21.0       0.7    1.2   10.0    116120
12 back               6.0    133   18.1   22.3   33.0    85    0    4.9    7.7   36.1       0.7    1.2   11.3    116120
13 close              9.0    376   11.3   16.9   36.5    39    4    6.3   98.6  130.5       1.2   15.6   16.4    138744
14 end                  -    104   11.3   15.9   33.8     7    0   48.7   84.9   84.9       4.5    7.0    7.0    116120

phase               changed step med    p95    max unchanged step med    p95    max steps ms/s
0 before                193    2.3    8.9   29.2       111    3.2    8.6   32.0          -
1 clock                  51    8.4   10.6   12.3       160    8.2   10.7   14.3        137
2 members                20   15.1   18.1   18.1       426   10.5   15.5   24.3        468
3 turn                  220   23.7   27.5   39.8        11   11.2   31.8   31.8        175
4 select                 65   17.9   21.3   37.4      1063   10.6   18.0   37.3        455
5 turn-selected         150   23.6   26.8   28.9         4   13.2   35.9   35.9        176
6 deselect               14   15.2   44.2   44.2       377   10.5   15.5   31.7        479
7 drawer-open            87   18.2   20.6   20.9       150   10.5   20.6   32.3        311
8 events-scroll         861   22.1   29.7   49.0       754   10.5   24.1   42.9        392
9 messages-switch        65   18.9   39.7   43.3        78   10.0   21.0   37.3        349
10 messages-scroll      373   25.8   32.9   45.8       351   11.4   26.2   43.8        413
11 conversation          53   15.3   18.5   22.0        84    8.2   16.4   20.5        251
12 back                  50   18.4   22.4   25.2        83    9.9   21.0   33.0        334
13 close                 21   18.6   25.6   27.3       355   11.2   15.5   36.5        503
14 end                    4   13.9   18.2   18.2       100   11.2   15.9   33.8          -
6334 frames, 0 missing from the log by their numbers
phases from 1 at 11.149 s to 14 at 276.661 s, 265.5 s
