phase                   s frames step med    p95    max drawn full draw med    p95    max flush med    p95    max heap peak
0 before                -    295    2.3    5.9   18.5   235   98    5.9   32.5   42.1       2.3   15.1   15.9    105692
1 clock              10.4    214    2.2    5.5   10.5    89    0    1.4    2.5   10.2       0.7    1.2    1.3     95576
2 members            10.8    429    1.7   15.9   20.0    42    9   50.1   93.9   96.2       6.3   16.2   16.6    121392
3 turn               30.3    221   24.2   27.6   41.9   221  219  111.1  122.8  153.7      14.3   15.1   16.1    121392
4 select             31.3   1167    1.3   17.2   47.0   121    4   96.0  104.2  117.1      11.0   14.5   17.2    121392
5 turn-selected      20.4    147   24.2   28.6   38.5   147  145  112.1  127.4  149.6      14.4   15.4   15.9    121392
6 deselect            9.4    397    1.3   15.4   25.2    25    6   48.6  125.3  132.4       5.9   16.0   16.0    121392
7 drawer-open        10.8    237    4.3    7.5   23.4   157    7    3.7   47.9  160.5       0.7   13.2   15.7    145616
8 events-scroll      75.6   1830    5.2   11.4   27.1  1356    0    4.8   27.7   41.8       8.0   10.9   12.8    124568
9 messages-switch     6.9    133    4.4    8.0   26.8    85    5    3.5   47.2   57.2       0.7   24.0   28.6    125432
10 messages-scroll   36.4    847    5.1   11.5   28.0   599    0    5.3   31.9   44.7       1.4   12.4   13.8    124472
11 conversation       7.0    140    4.6    6.8   19.0    93    0    2.0    4.9   21.6       0.7    1.5   13.3    123448
12 back               5.9    118    4.3    7.6   28.1    80    0    3.4    7.0   37.5       0.7    1.3   12.7    123800
13 close              8.8    372    1.3   15.5   27.0    27    3   46.6   94.6  155.2       4.4   14.8   14.8    138288
14 end                  -    110    1.3   15.4   20.5     6    0   48.1   52.8   52.8       4.9    5.3    5.3    125488

phase               changed step med    p95    max unchanged step med    p95    max steps ms/s
0 before                195    2.2    5.6   15.1       100    2.3    6.4   18.5          -
1 clock                  49    2.4    6.4   10.5       165    2.2    3.8    6.7         54
2 members                26   13.6   18.1   20.0       403    1.3   15.4   19.5        129
3 turn                  220   24.2   27.6   41.9         1    2.7    2.7    2.7        175
4 select                 64   18.2   23.2   47.0      1103    1.3   15.7   37.9        142
5 turn-selected         146   24.2   28.6   38.5         1   17.6   17.6   17.6        175
6 deselect               14   14.8   25.2   25.2       383    1.3   12.8   21.9        130
7 drawer-open            96    4.3   10.2   23.4       141    4.3    7.4   18.4        108
8 events-scroll         991    8.2   12.4   27.1       839    4.5    7.2   27.0        162
9 messages-switch        53    4.4   15.8   26.8        80    4.4    7.1    7.4        106
10 messages-scroll      438    9.0   12.2   25.6       409    4.6    9.4   28.0        161
11 conversation          55    4.6    6.0    9.3        85    4.6    6.8   19.0        105
12 back                  44    4.3    6.5    7.9        74    4.3   10.6   28.1        105
13 close                 15   12.2   19.2   19.2       357    1.2   15.5   27.0        130
14 end                    3   13.2   15.0   15.0       107    1.3   15.4   20.5          -
6657 frames, 0 missing from the log by their numbers
phases from 1 at 10.758 s to 14 at 274.646 s, 263.9 s
