phase                   s frames step med    p95    max drawn full draw med    p95    max flush med    p95    max heap peak
0 before                -    994    1.7    8.8   25.0   353   98    2.5   30.7   42.7       1.1   14.6   15.5    105692
1 clock              10.4    513    1.7    8.6   18.9   101    0    1.2    2.5    8.2       0.6    1.3    1.6     93496
2 members            11.2    462   10.4   16.4   34.2    41    9   46.7   92.7  113.5       5.6   15.0   15.5    116120
3 turn               30.5    230   23.6   28.8   38.4   221  219  111.3  125.6  140.1      14.5   15.4   16.3    116120
4 select             29.7   1009   11.3   30.2   41.8   123    5   96.2  107.6  127.5      12.5   14.9   16.0    116120
5 turn-selected      20.6    165   23.1   25.7   28.5   154  152  109.4  116.6  133.4      14.4   15.2   15.6    116120
6 deselect            9.4    373   10.4   17.2   34.2    26    5   48.5  143.4  147.7       6.0   16.4   16.4    116120
7 drawer-open        11.0    367   19.9   34.2   47.6   155    7    5.6   46.7  154.0       1.0   14.5   16.5    138744
8 events-scroll      75.6   1998   29.3   44.2   68.4  1094    0    6.9   31.5   51.7       1.2   11.2   12.9    138744
9 messages-switch     6.9    221   21.5   36.5   62.1    91    4    6.1   54.1   63.7       1.0   28.5   29.6    138744
10 messages-scroll   36.3    843   33.8   49.0   66.1   508    0    8.5   35.6   48.2       1.2   13.2   15.4    138744
11 conversation       7.0    276   18.7   33.4   52.2   113    0    2.6    7.8   29.0       1.0    1.4   13.1    138744
12 back               5.8    205   20.2   35.0   37.6    78    0    5.6   19.4   44.4       1.0    1.4   13.7    138744
13 close              8.8    366   11.1   21.4   52.4    28    3   46.8   97.9  146.6       5.7   15.9   15.9    138744
14 end                  -    403    2.0   13.4   18.6    20    0   15.1  100.9  100.9       1.4   12.6   12.6    116120
8425 frames, 0 missing from the log by their numbers
phases from 1 at 21.166 s to 14 at 284.245 s, 263.1 s
