phase                   s frames step med    p95    max drawn full draw med    p95    max flush med    p95    max heap peak
0 before                -    299    3.0    5.5   22.9   234  100    6.1   30.1   39.8       2.7   14.9   15.9    105692
1 clock              10.3    212    3.4    5.9    9.9    89    0    1.4    2.4    5.5       0.7    1.3    1.4     94520
2 members            11.0    451    1.2   15.4   25.7    35    9   46.8  100.1  108.4       6.0   15.5   15.8    120304
3 turn               30.4    219   24.4   29.3   35.6   218  216  113.5  124.9  177.3      14.3   15.2   15.4    120304
4 select             30.7   1137    1.2   17.4   38.9   123    5   95.9  105.4  132.1      11.2   14.7   15.2    120304
5 turn-selected      20.4    155   23.5   26.5   29.0   155  152  109.3  115.2  134.7      14.2   15.0   15.8    120304
6 deselect            9.4    370    1.8   16.4   40.0    36    5   50.5  119.0  132.8       5.5   15.1   15.1    120304
7 drawer-open        10.8    230    7.7   10.7   21.3   151    8    5.2   47.4  172.3       0.7   15.6   16.0    142928
8 events-scroll      75.8   1628    9.2   27.7   41.0  1205    0    6.2   27.2   41.5       1.1   10.9   12.5    119192
9 messages-switch     6.9    130    8.0   22.1   46.0    87    5    5.4   48.3   57.2       0.7   25.8   29.6    119192
10 messages-scroll   33.8    707   10.1   29.9   41.3   530    0    7.2   32.9   46.9       1.1   12.3   15.4    119192
11 conversation       6.9    141    6.2    9.1   21.2    91    0    2.6    6.7   22.0       0.7    1.4   14.9    119192
12 back               6.0    125    7.9   10.6   28.1    91    0    5.1    7.1   41.3       0.7    1.2   12.5    119192
13 close              8.8    374    1.2   15.5   26.5    29    3   46.6   99.3  148.6       5.1   14.7   14.7    133664
14 end                  -    113    1.2   16.1   16.8     6    0   49.4   54.4   54.4       5.3    6.4    6.4    122352

phase               changed step med    p95    max unchanged step med    p95    max steps ms/s
0 before                194    2.5    5.7   12.6       105    3.2    4.1   22.9          -
1 clock                  49    3.4    6.2    8.6       163    3.3    5.9    9.9         70
2 members                22   11.3   16.4   17.7       429    1.2   15.4   25.7        118
3 turn                  216   24.5   29.2   35.6         3    1.9   35.5   35.5        175
4 select                 64   17.8   21.6   34.2      1073    1.2   15.9   38.9        141
5 turn-selected         153   23.5   26.5   29.0         2    1.3    1.3    1.3        173
6 deselect               19   14.9   27.9   27.9       351    1.7   15.9   40.0        144
7 drawer-open            94    7.7   12.2   21.3       136    7.6   10.7   21.3        168
8 events-scroll         854   11.0   28.8   41.0       774    8.5   14.4   32.3        284
9 messages-switch        53    8.0   40.1   46.0        77    8.0   10.7   26.9        189
10 messages-scroll      364   11.6   30.8   41.3       343    9.6   14.8   31.8        305
11 conversation          53    6.1    9.1   21.2        88    6.2    9.8   11.3        143
12 back                  54    7.9   10.3   23.5        71    8.0   10.8   28.1        180
13 close                 16   12.6   19.8   19.8       358    1.2   15.3   26.5        134
14 end                    3   14.6   16.1   16.1       110    1.2   15.9   16.8          -
6291 frames, 0 missing from the log by their numbers
phases from 1 at 10.620 s to 14 at 271.752 s, 261.1 s
