phase                   s frames step med    p95    max drawn full draw med    p95    max flush med    p95    max heap peak
0 before                -    396    1.6    8.6   26.6   234   97    6.2   31.3   43.4       2.8   14.8   16.1    105692
1 clock              10.2    504    1.6    9.4   18.0    95    0    1.2    2.1    4.3       0.7    0.8    0.8     93496
2 members            10.8    443   11.3   16.0   19.7    43    9   49.1  101.0  102.6       6.3   15.8   16.1    116120
3 turn               30.6    240   22.8   25.7   29.2   230  228  109.2  115.8  124.3      14.3   15.1   15.4    116120
4 select             31.6   1130   10.6   19.9   35.8   121    4   95.5  102.7  122.0      12.4   14.7   15.0    116120
5 turn-selected      20.3    153   23.0   25.9   28.7   153  151  110.1  115.9  129.5      14.2   15.1   15.4    116120
6 deselect           13.1    582   10.4   15.5   34.1    84   15    6.1  105.4  119.4       1.6   15.9   16.7    116120
7 drawer-open        11.0    381    7.7   20.1   24.6   164    9    4.4   37.5   81.1       0.7   14.6   16.1    116120
8 events-scroll      72.5   2095   17.6   28.1   42.6  1180    0    5.8   27.1   40.5       1.2   10.6   12.5    116120
9 messages-switch     6.9    209   10.4   23.0   44.6    91    5    5.2   47.9   59.3       0.8   23.8   26.0    116120
10 messages-scroll   36.4    947   21.0   31.2   48.0   545    0    7.0   32.2   43.8       1.1   12.3   14.4    116120
11 conversation       6.8    258    8.2   18.4   34.8    95    0    2.5    6.2   23.2       0.7    1.3   11.8    116120
12 back               5.8    189   10.3   21.7   35.6    83    0    5.1    7.8   36.5       0.7    1.3   10.8    116120
13 close              8.8    414    1.6   10.9   41.0    89    5    1.3   33.3   80.9       0.7   13.6   16.3    116120
14 end                  -    154    1.7    9.3   17.4    35    0    1.3    2.2    2.8       0.7    1.2    1.2     93496

phase               changed step med    p95    max unchanged step med    p95    max
0 before                194    2.7    8.6   10.4       202    1.6    9.1   26.6
1 clock                  48    8.2   10.6   11.4       456    1.6    9.1   18.0
2 members                25   15.1   16.6   16.8       418   11.3   15.8   19.7
3 turn                  229   22.9   25.7   29.2        11   11.7   16.6   16.6
4 select                 64   17.2   20.9   23.9      1066   10.6   17.3   35.8
5 turn-selected         152   23.0   25.9   28.7         1   12.7   12.7   12.7
6 deselect               56    8.2   23.8   24.9       526   10.4   15.3   34.1
7 drawer-open            92   18.1   23.1   24.6       289    7.7   18.4   23.2
8 events-scroll         809   23.0   30.4   42.6      1286    8.7   23.0   42.5
9 messages-switch        53   19.1   39.0   44.6       156    8.8   20.5   37.2
10 messages-scroll      369   26.1   34.5   48.0       578   10.8   26.0   41.8
11 conversation          50   15.7   23.0   34.8       208    6.6   15.6   18.6
12 back                  45   18.8   23.9   33.8       144    8.2   21.0   35.6
13 close                 49    8.3   21.1   41.0       365    1.6    9.4   36.5
14 end                   18    8.2   10.8   10.8       136    1.6    9.1   17.4
8095 frames, 0 missing from the log by their numbers
phases from 1 at 10.698 s to 14 at 275.623 s, 264.9 s
