phase                   s frames step med    p95    max drawn full draw med    p95    max flush med    p95    max heap peak
0 before                -   1006    1.6    8.9   27.2   358   99    2.0   28.9   42.0       0.9   14.8   15.8    105692
1 clock              10.2    499    1.6    9.5   24.2    94    0    1.2    2.9    6.2       0.7    1.3    1.6     93496
2 members            11.0    447   11.2   15.9   36.8    43    9   49.2   99.1  102.3       5.8   15.7   15.7    116120
3 turn               30.3    222   23.7   26.6   40.4   222  220  111.4  122.1  148.3      14.5   15.2   15.8    116120
4 select             31.7   1124   10.6   20.0   38.1   120    5   95.7  103.7  123.9      12.5   14.7   14.9    116120
5 turn-selected      20.4    154   23.5   26.1   34.1   153  151  110.1  116.5  128.0      14.3   15.2   15.6    116120
6 deselect            9.4    386   10.4   15.5   46.4    24    5   48.5  106.6  117.3       6.2   15.2   15.2    116120
7 drawer-open        11.0    368    9.7   20.2   32.9   147    7    4.8   46.5  146.3       0.7   14.3   15.6    138744
8 events-scroll      75.6   2192   17.3   27.6   53.6  1234    0    5.9   27.3   35.9       1.1   10.9   13.2    116120
9 messages-switch     6.9    214   10.0   21.9   43.5   102    5    5.3   48.8   53.6       0.8   15.4   27.3    116120
10 messages-scroll   36.4    965   20.5   30.3   54.9   530    0    7.1   32.4   39.7       1.1   12.0   13.6    116120
11 conversation       6.8    250    8.0   18.5   36.4   120    0    2.5    5.4   23.8       0.7    1.2   11.5    116120
12 back               5.8    192    9.9   20.7   35.0    84    0    4.9    7.6   38.8       0.7    1.2   12.4    116120
13 close              8.8    364   10.4   16.9   41.4    30    4   46.7   94.9  130.9       5.6   14.6   14.6    138744
14 end                  -    430    2.5   12.7   37.1    32    0   38.7   85.1   90.7       3.3   14.6   14.6    116120

phase               changed step med    p95    max unchanged step med    p95    max steps ms/s
0 before                254    2.8    9.4   17.6       752    1.6    8.6   27.2          -
1 clock                  49    8.2   10.8   18.2       450    1.6    8.6   24.2        182
2 members                25   14.0   18.8   28.1       422   11.2   15.7   36.8        468
3 turn                  221   23.8   26.6   40.4         1   14.0   14.0   14.0        173
4 select                 64   18.1   23.8   35.7      1060   10.6   17.2   38.1        456
5 turn-selected         152   23.5   25.9   28.2         2   23.5   34.1   34.1        174
6 deselect               14   14.9   46.4   46.4       372   10.4   15.5   33.3        470
7 drawer-open            84   18.1   20.5   24.8       284    7.5   19.8   32.9        396
8 events-scroll         846   22.3   29.6   53.6      1346    8.4   22.7   48.3        460
9 messages-switch        61   19.0   39.1   43.5       153    7.9   20.4   23.5        417
10 messages-scroll      358   25.7   34.3   54.9       607    9.7   25.3   44.1        477
11 conversation          64   15.2   20.8   29.0       186    6.1   17.1   36.4        392
12 back                  46   18.5   26.0   35.0       146    7.8   20.1   32.8        422
13 close                 16   16.5   41.4   41.4       348   10.4   15.9   33.7        488
14 end                   16    3.8   14.9   14.9       414    2.5   11.7   37.1          -
8813 frames, 0 missing from the log by their numbers
phases from 1 at 22.976 s to 14 at 287.331 s, 264.4 s
