phase                   s frames step med    p95    max drawn full draw med    p95    max flush med    p95    max heap peak
0 before                -    707    1.7    8.7   29.4   290  100    2.7   29.2   38.2       1.3   15.0   15.6    105692
1 clock              10.2    505    1.7    9.0   17.5    95    0    1.2    2.5   10.9       0.7    1.1    1.3     93496
2 members            11.0    465   10.4   15.6   31.5    38    9   46.8   98.1  114.2       5.6   15.5   16.1    116120
3 turn               30.4    222   23.9   27.4   42.3   221  219  111.6  124.2  153.9      14.5   15.4   16.0    116120
4 select             31.8   1138   10.6   29.2   36.5   121    6   96.3  105.4  124.8      12.5   14.9   16.4    116120
5 turn-selected      20.3    410   11.8   24.8   29.8   134   91  108.2  119.9  128.7      14.3   15.1   15.5    116120
6 deselect           12.9    567   10.4   15.6   42.7    93   14    5.4  105.8  113.9       1.6   16.0   17.7    116120
7 drawer-open        11.0    371    8.2   20.6   26.7   193    9    5.2    8.5   81.0       0.7   14.1   16.5    116120
8 events-scroll      79.0   2265   17.8   28.3   47.5  1297    0    5.9   27.5   42.2       1.1   10.4   12.4    116120
9 messages-switch     6.9    211   10.5   22.7   43.5    96    5    5.3   47.1   54.4       0.7   24.0   27.1    116120
10 messages-scroll   36.3    952   21.0   30.3   44.1   528    0    7.2   32.4   44.9       1.1   11.8   13.8    116120
11 conversation       6.8    244    8.6   20.1   41.9   120    0    2.5    5.9   21.2       0.7    1.2   12.6    116120
12 back               5.8    192    9.5   21.5   31.9    80    0    5.2    7.6   39.2       0.7    1.2   11.7    116120
13 close              9.0    420    1.7   10.8   38.0    89    5    1.4   34.3   79.1       0.7   14.8   15.3    116120
14 end                  -    398    1.7    9.1   11.9    74    0    1.2    2.5    5.8       0.7    1.1    1.6     93496
9067 frames, 0 missing from the log by their numbers
phases from 1 at 16.654 s to 14 at 288.119 s, 271.5 s
