phase                   s frames step med    p95    max drawn full draw med    p95    max flush med    p95    max heap peak
0 before                -   1118    1.7    9.0   29.5   381   97    2.3   29.3   45.3       1.1   14.6   15.6    105692
1 clock              10.1    505    1.6    9.4   14.6    91    0    1.2    2.2    4.3       0.6    0.9    1.2     93496
2 members            10.8    462   10.4   15.5   22.9    30    9   47.0  107.3  110.0       6.3   16.1   16.1    116120
3 turn               30.5    232   23.9   28.6   39.4   221  219  111.8  124.7  154.5      14.6   15.5   16.0    116120
4 select             31.6   1114   10.6   23.5   38.7   125    6   95.7  104.9  131.1      12.3   14.7   15.6    116120
5 turn-selected      20.4    157   23.3   25.0   31.4   155  153  109.1  113.6  125.0      14.3   15.0   15.8    116120
6 deselect            9.4    350   11.2   16.3   42.2    37    6   54.4  119.5  125.7       5.9   16.4   16.4    116120
7 drawer-open        11.0    484    8.2   21.9   39.4   176    7    7.2   46.1  146.6       0.9   14.4   15.6    138744
8 events-scroll      75.9   2789    9.9   30.0   47.4  1275    0    7.7   30.9   41.3       1.2   10.5   13.6    116120
9 messages-switch     6.9    293    8.4   23.6   51.1    99    5    7.7   54.5   63.5       0.9   25.0   31.0    116120
10 messages-scroll   36.4   1246   12.4   33.0   48.3   552    0    8.6   36.0   47.6       1.2   12.0   14.1    116120
11 conversation       6.7    319    6.8   19.2   41.8   115    0    2.6    9.3   25.2       0.9    1.4   11.2    116120
12 back               5.8    268    7.9   21.1   24.2    84    0    7.5   10.0   47.3       0.9    1.3   12.2    116120
13 close              9.0    396   10.4   15.6   23.6    32    3   46.1  101.1  144.9       4.3   16.4   16.4    127432
14 end                  -    426    2.0   12.9   32.0    22    0   14.9   79.2   87.1       0.9   14.2   14.2    116120

phase               changed step med    p95    max unchanged step med    p95    max steps ms/s
0 before                274    2.9    9.2   11.5       844    1.6    8.6   29.5          -
1 clock                  48    8.2   11.1   14.6       457    1.6    8.6   11.4        179
2 members                19   14.9   17.0   17.0       443   10.4   15.4   22.9        464
3 turn                  219   23.9   28.6   39.4        13   10.4   32.3   32.3        177
4 select                 66   17.2   24.0   37.0      1048   10.6   18.5   38.7        452
5 turn-selected         154   23.3   24.9   27.1         3   14.4   31.4   31.4        175
6 deselect               20   15.4   42.2   42.2       330   11.2   16.0   32.5        457
7 drawer-open            94   18.1   22.5   39.4       390    7.6   19.5   35.7        506
8 events-scroll         823   24.5   32.6   45.9      1966    8.5   24.5   47.4        555
9 messages-switch        55   21.0   48.3   51.1       238    8.0   19.3   23.2        518
10 messages-scroll      357   27.2   36.3   48.3       889    9.3   26.8   44.9        599
11 conversation          59   16.1   23.7   26.3       260    6.4   16.4   41.8        470
12 back                  42   18.9   23.5   23.9       226    7.9   18.6   24.2        506
13 close                 17   15.0   23.6   23.6       379   10.4   15.2   21.6        492
14 end                   11    2.4   15.4   15.4       415    2.0   12.5   32.0          -
10159 frames, 0 missing from the log by their numbers
phases from 1 at 24.834 s to 14 at 289.435 s, 264.6 s
