phase                    s passes step med    p95    max drawn draw med    p95    max flush med    p95    max heap peak
face                  10.0    511    1.5    8.5   11.4    93    1.0    1.9    3.6       0.7    1.2    1.4    113928
drawer-open            2.5    101    3.1   12.2   16.0    36    2.1   65.2   73.8       1.1   16.3   16.7    113928
drawer-rest           12.0    528    3.2   12.6   22.4   219    1.9    2.5    5.1       0.8    1.5    1.7    113928
events-scroll          9.1    304    4.6   14.9   32.4   149    3.9   70.7   78.0      12.8   16.2   17.6    113928
root-switch           10.1    614    1.4    8.1   33.0   175    8.4   47.5   58.4       3.5   16.5   17.3    113928
messages-arrive      441.9  22383    1.5    8.6   21.8  4125    1.2    2.2   32.8       0.7    1.2    5.0     91432
inbox                  5.5    303    1.4    2.1   12.5    31   27.0   47.9   51.8      15.4   17.0   17.0     91432
conversation           5.5    271    1.4    1.9    4.7     0      -      -      -         -      -      -     91304
conversation-scroll    6.1    183    2.7   18.5   37.5    63   54.4   99.6  106.5      14.3   16.9   17.7    113928
draft                 10.1    499    1.4    1.9    4.4     0      -      -      -         -      -      -     91304
draft-cancel           6.6    322    1.4    1.9    7.6     1   20.5   20.5   20.5         -      -      -     91304
removal-start         63.5   3074    1.4    1.9   13.8    24   20.5   23.0   24.3       4.3    5.7    5.7     91808
removal-detail        15.1    707    4.8   16.6   39.8   273    3.6    9.1  102.2       1.0   14.6   17.3    113928
faces                  4.1    187    4.7   16.8   38.4    39    6.1   54.8   97.1       1.1   14.7   15.5    113928
member-face           15.0    734    1.6    8.4   11.2   154    1.7   79.5   89.3       0.9   15.6   17.5    113928
times in ms; the heap in bytes, its peak over the 2 s windows that overlap the phase
