phase                    s passes step med    p95    max drawn draw med    p95    max flush med    p95    max heap peak
face                  10.0   4012    1.3    2.5   14.4    94    1.0    2.2    4.9       0.8    1.5    1.6     91304
drawer-open            2.5    402    3.6   13.5   17.3    43    3.2   63.1   69.3       1.4   15.6   15.8    113928
drawer-rest           12.0   1646    4.5   13.9   17.9   257    2.8    4.6    7.0       0.9    1.6    1.7    113928
events-scroll          9.1    683    6.3   20.6   35.2   173    5.6   42.5   51.8       1.1   12.6   14.0    113928
root-switch           10.1    926    6.2   17.0   36.8   171    4.9   55.0   61.9       1.3   24.1   29.3    113928
messages-arrive      277.1  28444    6.2   17.0   55.7  4648    4.9    7.2   44.7       0.9    1.5   13.6    119936
inbox                  5.5    600    5.3   15.2   37.2    80    3.3   51.7   56.6       1.1   25.4   27.2    114156
conversation           5.5    726    4.8   14.0   33.7    89    2.3    3.4   18.4       0.9    1.7    8.0    114284
conversation-scroll    6.1    783    4.9   14.1   33.1   101    2.2    2.9   21.5       0.8    1.7    1.8    114156
draft                 10.1    961    6.2   22.0   41.6   181    3.3    7.2   37.5       0.9    1.7   22.0    114156
draft-cancel           6.6   1292    1.3   14.0   42.8    93    2.9   34.3   70.4       0.9   13.0   24.4    114156
removal-start         63.5  25468    1.3    2.6   16.0   610    1.3    2.9   22.0       0.8    1.6    4.8     92036
removal-detail        15.0   1898    4.9   14.7   36.1   287    3.4    7.2   87.2       0.9   12.9   17.2    114156
faces                  4.0    758    1.3    8.8   50.4    67    5.8   42.9   84.7       1.3   14.4   16.7    114156
member-face           15.0    860    2.0    2.5   19.6    42   28.3  312.3  325.3      14.9   16.3   17.0    114284
times in ms; the heap in bytes, its peak over the 2 s windows that overlap the phase
